% (C) Copyright 2020 Remi Gau

function COLOR_SUBJECTS = SubjectColours()
    %
    % Returns the color for each subject
    %

    COLOR_SUBJECTS = [
                      0, 0, 0
                      31, 120, 180
                      178, 223, 138
                      251, 154, 153
                      227, 26, 28
                      253, 191, 111
                      255, 127, 0
                      202, 178, 214
                      106, 61, 154
                      177, 89, 40];
    COLOR_SUBJECTS = COLOR_SUBJECTS / 255;

end
